# X Y 
1.0 1.0
0.999 0.9885922422625388
0.998 0.9791859286644989
0.997 0.9705359481550777
0.996 0.9623776396777215
0.995 0.9545853076662059
0.994 0.9470849196551523
0.993 0.9398275579679914
0.992 0.9327784552416931
0.991 0.9259116163127035
0.99 0.9192068641040887
0.989 0.9126480800836838
0.988 0.9062220901522282
0.987 0.8999179245622115
0.986 0.89372630691534
0.985 0.8876392899006231
0.984 0.8816499885917248
0.983 0.8757523806719595
0.982 0.8699411538209031
0.981 0.8642115871144141
0.98 0.8585594574581793
0.979 0.8529809647782842
0.978 0.847472671491218
0.977 0.8420314530003365
0.976 0.8366544568165976
0.975 0.8313390685033296
0.974 0.8260828830777825
0.973 0.8208836808183481
0.972 0.8157394066603448
0.971 0.8106481525386481
0.97 0.8056081421684237
0.969 0.8006177178571194
0.968 0.7956753290197203
0.967 0.7907795221308471
0.966 0.7859289318957812
0.965 0.7811222734609888
0.964 0.776358335515519
0.963 0.7716359741594353
0.962 0.7669541074355494
0.961 0.7623117104371147
0.96 0.7577078109175851
0.959 0.7531414853396416
0.958 0.7486118553098814
0.957 0.7441180843532295
0.956 0.7396593749875495
0.955 0.7352349660643192
0.954 0.7308441303457933
0.953 0.7264861722929363
0.952 0.7221604260416905
0.951 0.7178662535479539
0.95 0.7136030428840437
0.949 0.7093702066714919
0.948 0.7051671806367992
0.947 0.700993422278323
0.946 0.6968484096338079
0.945 0.69273164013924
0.944 0.6886426295707168
0.943 0.684580911061919
0.942 0.6805460341905537
0.941 0.6765375641278144
0.94 0.6725550808455236
0.939 0.6685981783761431
0.938 0.6646664641213221
0.9369999999999999 0.6607595582050656
0.9359999999999999 0.6568770928679792
0.9349999999999999 0.6530187118993863
0.9339999999999999 0.6491840701043949
0.9329999999999999 0.6453728328032744
0.9319999999999999 0.6415846753607249
0.9309999999999999 0.6378192827428433
0.9299999999999999 0.6340763490997765
0.9289999999999999 0.6303555773722296
0.9279999999999999 0.626656678920146
0.9269999999999999 0.622979373172021
0.9259999999999999 0.6193233872934338
0.9249999999999999 0.6156884558735026
0.9239999999999999 0.6120743206280624
0.9229999999999999 0.6084807301184698
0.9219999999999999 0.6049074394850177
0.9209999999999999 0.6013542101940239
0.9199999999999999 0.5978208097977268
0.9189999999999999 0.59430701170619
0.9179999999999999 0.5908125949704712
0.9169999999999999 0.5873373440763723
0.9159999999999999 0.5838810487481292
0.9149999999999999 0.5804435037614527
0.9139999999999999 0.5770245087653687
0.9129999999999999 0.5736238681123467
0.9119999999999999 0.5702413906962392
0.9109999999999999 0.5668768897975902
0.9099999999999999 0.5635301829358967
0.9089999999999999 0.5602010917284372
0.9079999999999999 0.5568894417553086
0.9069999999999999 0.5535950624303295
0.9059999999999999 0.5503177868774995
0.9049999999999999 0.5470574518127165
0.9039999999999999 0.5438138974304734
0.9029999999999999 0.540586967295279
0.9019999999999999 0.5373765082375567
0.9009999999999999 0.5341823702537923
0.8999999999999999 0.5310044064107184
0.8989999999999999 0.5278424727533322
0.8979999999999999 0.5246964282165552
0.8969999999999999 0.5215661345403615
0.8959999999999999 0.5184514561881997
0.8949999999999999 0.5153522602685543
0.8939999999999999 0.5122684164594979
0.8929999999999999 0.5091997969360873
0.8919999999999999 0.5061462763004791
0.8909999999999999 0.50310773151463
0.8899999999999999 0.5000840418354717
0.8889999999999999 0.4970750887524399
0.8879999999999999 0.49408075592725836
0.8869999999999999 0.49110092913587244
0.8859999999999999 0.4881354962124394
0.8849999999999999 0.4851843469952842
0.8839999999999999 0.4822473732747365
0.8829999999999999 0.47932446874276646
0.8819999999999999 0.476415528944343
0.8809999999999999 0.47352045123044234
0.8799999999999999 0.4706391347126353
0.8789999999999999 0.4677714802191907
0.8779999999999999 0.4649173902526293
0.8769999999999999 0.46207676894866995
0.8759999999999999 0.45924952203651304
0.8749999999999999 0.4564355568004033
0.8739999999999999 0.4536347820424251
0.8729999999999999 0.4508471080464788
0.8719999999999999 0.44807244654339246
0.8709999999999999 0.4453107106771235
0.8699999999999999 0.4425618149720106
0.8689999999999999 0.4398256753010323
0.8679999999999999 0.43710220885503653
0.8669999999999999 0.4343913341129019
0.8659999999999999 0.4316929708125979
0.8649999999999999 0.42900703992311007
0.8639999999999999 0.4263334636171956
0.8629999999999999 0.4236721652449429
0.8619999999999999 0.42102306930810246
0.8609999999999999 0.41838610143516275
0.8599999999999999 0.41576118835714376
0.8589999999999999 0.4131482578840827
0.8579999999999999 0.4105472388821876
0.8569999999999999 0.4079580612516347
0.8559999999999999 0.40538065590498734
0.8549999999999999 0.4028149547462156
0.8539999999999999 0.4002608906502939
0.8529999999999999 0.3977183974433597
0.8519999999999999 0.3951874098834114
0.8509999999999999 0.3926678636415289
0.8499999999999999 0.39015969528359923
0.8489999999999999 0.3876628422525292
0.8479999999999999 0.38517724285093047
0.8469999999999999 0.3827028362242606
0.8459999999999999 0.38023956234440487
0.8449999999999999 0.3777873619936864
0.8439999999999999 0.3753461767492876
0.8429999999999999 0.3729159489680734
0.8419999999999999 0.3704966217718005
0.8409999999999999 0.3680881390327014
0.8399999999999999 0.3656904453594336
0.8389999999999999 0.3633034860833776
0.8379999999999999 0.3609272072452785
0.8369999999999999 0.3585615555822159
0.8359999999999999 0.3562064785148963
0.8349999999999999 0.35386192413525336
0.8339999999999999 0.3515278411943516
0.8329999999999999 0.3492041790905805
0.8319999999999999 0.34689088785813305
0.8309999999999998 0.34458791815575807
0.8299999999999998 0.3422952212557802
0.8289999999999998 0.34001274903337814
0.8279999999999998 0.33774045395611474
0.8269999999999998 0.3354782890737101
0.8259999999999998 0.33322620800805325
0.8249999999999998 0.3309841649434421
0.8239999999999998 0.3287521146170489
0.8229999999999998 0.32653001230960105
0.8219999999999998 0.3243178138362747
0.8209999999999998 0.3221154755377922
0.8199999999999998 0.31992295427171985
0.8189999999999998 0.3177402074039588
0.8179999999999998 0.31556719280042583
0.8169999999999998 0.31340386881891574
0.8159999999999998 0.31125019430114337
0.8149999999999998 0.3091061285649588
0.8139999999999998 0.30697163139673145
0.8129999999999998 0.3048466630438981
0.8119999999999998 0.3027311842076715
0.8109999999999998 0.3006251560359037
0.8099999999999998 0.2985285401161022
0.8089999999999998 0.2964412984685925
0.8079999999999998 0.29436339353982477
0.8069999999999998 0.29229478819582083
0.8059999999999998 0.29023544571575716
0.8049999999999998 0.28818532978568
0.8039999999999998 0.28614440449235196
0.8029999999999998 0.2841126343172223
0.8019999999999998 0.28208998413052133
0.8009999999999998 0.28007641918547554
0.7999999999999998 0.2780719051126373
0.7989999999999998 0.27607640791433063
0.7979999999999998 0.274089893959207
0.7969999999999998 0.27211232997690943
0.7959999999999998 0.2701436830528421
0.7949999999999998 0.2681839206230446
0.7939999999999998 0.26623301046916403
0.7929999999999998 0.2642909207135279
0.7919999999999998 0.2623576198143105
0.7909999999999998 0.2604330765607954
0.7899999999999998 0.2585172600687259
0.7889999999999998 0.2566101397757474
0.7879999999999998 0.2547116854369353
0.7869999999999998 0.25282186712040794
0.7859999999999998 0.2509406552030226
0.7849999999999998 0.24906802036615328
0.7839999999999998 0.24720393359154508
0.7829999999999998 0.24534836615724936
0.7819999999999998 0.24350128963363205
0.7809999999999998 0.2416626758794555
0.7799999999999998 0.239832497038034
0.7789999999999998 0.23801072553345926
0.7779999999999998 0.23619733406689342
0.7769999999999998 0.2343922956129313
0.7759999999999998 0.23259558341602687
0.7749999999999998 0.2308071709869859
0.7739999999999998 0.22902703209951858
0.7729999999999998 0.22725514078685738
0.7719999999999998 0.22549147133843178
0.7709999999999998 0.2237359982966043
0.7699999999999998 0.2219886964534621
0.7689999999999998 0.2202495408476664
0.7679999999999998 0.2185185067613572
0.7669999999999998 0.21679556971710978
0.7659999999999998 0.21508070547494634
0.7649999999999998 0.21337389002939827
0.7639999999999998 0.21167509960661907
0.7629999999999998 0.20998431066154688
0.7619999999999998 0.20830149987511448
0.7609999999999998 0.20662664415150955
0.7599999999999998 0.20495972061547735
0.7589999999999998 0.2033007066096722
0.7579999999999998 0.20164957969205188
0.7569999999999998 0.20000631763331622
0.7559999999999998 0.19837089841438782
0.7549999999999998 0.1967433002239356
0.7539999999999998 0.19512350145593838
0.7529999999999998 0.19351148070728985
0.7519999999999998 0.19190721677544098
0.7509999999999998 0.19031068865608286
0.7499999999999998 0.18872187554086672
0.7489999999999998 0.18714075681516096
0.7479999999999998 0.18556731205584376
0.7469999999999998 0.18400152102913314
0.7459999999999998 0.18244336368845004
0.7449999999999998 0.18089282017231678
0.7439999999999998 0.17934987080228804
0.7429999999999998 0.17781449608091626
0.7419999999999998 0.17628667668974818
0.7409999999999998 0.1747663934873529
0.7399999999999998 0.1732536275073817
0.7389999999999998 0.17174835995665805
0.7379999999999998 0.17025057221329687
0.7369999999999998 0.1687602458248545
0.7359999999999998 0.1672773625065057
0.7349999999999998 0.16580190413925056
0.7339999999999998 0.16433385276814716
0.7329999999999998 0.1628731906005736
0.7319999999999998 0.16141990000451467
0.7309999999999998 0.1599739635068762
0.7299999999999998 0.1585353637918241
0.7289999999999998 0.15710408369914886
0.7279999999999998 0.15568010622265582
0.7269999999999998 0.1542634145085774
0.7259999999999998 0.15285399185401194
0.7249999999999998 0.15145182170538374
0.7239999999999998 0.15005688765692793
0.7229999999999998 0.14866917344919595
0.7219999999999998 0.14728866296758514
0.7209999999999998 0.14591534024088904
0.7199999999999998 0.14454918943986905
0.7189999999999998 0.14319019487584805
0.7179999999999997 0.14183834099932324
0.7169999999999997 0.14049361239860103
0.7159999999999997 0.1391559937984499
0.7149999999999997 0.13782547005877477
0.7139999999999997 0.1365020261733092
0.7129999999999997 0.13518564726832727
0.7119999999999997 0.13387631860137372
0.7109999999999997 0.13257402556001308
0.7099999999999997 0.13127875366059516
0.7089999999999997 0.1299904885470402
0.7079999999999997 0.1287092159896398
0.7069999999999997 0.12743492188387617
0.7059999999999997 0.1261675922492569
0.7049999999999997 0.12490721322816756
0.7039999999999997 0.12365377108473885
0.7029999999999997 0.12240725220373228
0.7019999999999997 0.12116764308943828
0.7009999999999997 0.1199349303645928
0.6999999999999997 0.11870910076930719
0.6989999999999997 0.11749014116001288
0.6979999999999997 0.11627803850842378
0.6969999999999997 0.11507277990050757
0.6959999999999997 0.11387435253547729
0.6949999999999997 0.11268274372479292
0.6939999999999997 0.11149794089117704
0.6929999999999997 0.11031993156764675
0.6919999999999997 0.10914870339655569
0.6909999999999997 0.10798424412865104
0.6899999999999997 0.106826541622143
0.6889999999999997 0.10567558384178677
0.6879999999999997 0.10453135885797749
0.6869999999999997 0.10339385484585695
0.6859999999999997 0.10226306008443264
0.6849999999999997 0.10113896295570945
0.6839999999999997 0.10002155194383111
0.6829999999999997 0.09891081563423654
0.6819999999999997 0.0978067427128233
0.6809999999999997 0.09670932196512638
0.6799999999999997 0.09561854227550581
0.6789999999999997 0.09453439262634478
0.6779999999999997 0.09345686209726034
0.6769999999999997 0.09238593986432309
0.6759999999999997 0.09132161519928772
0.6749999999999997 0.09026387746883346
0.6739999999999997 0.08921271613381654
0.6729999999999997 0.08816812074852909
0.6719999999999997 0.08713008095997088
0.6709999999999997 0.08609858650713031
0.6699999999999997 0.08507362722027212
0.6689999999999997 0.08405519302023912
0.6679999999999997 0.08304327391775868
0.6669999999999997 0.08203786001276114
0.6659999999999997 0.08103894149370672
0.6649999999999997 0.08004650863691976
0.6639999999999997 0.07906055180593408
0.6629999999999997 0.07808106145084459
0.6619999999999997 0.07710802810766904
0.6609999999999997 0.07614144239771747
0.6599999999999997 0.07518129502696957
0.6589999999999997 0.07422757678546155
0.6579999999999997 0.07328027854667862
0.6569999999999997 0.07233939126695788
0.6559999999999997 0.07140490598489724
0.6549999999999997 0.07047681382077331
0.6539999999999997 0.06955510597596526
0.6529999999999997 0.0686397737323885
0.6519999999999997 0.06773080845193269
0.6509999999999997 0.06682820157590996
0.6499999999999997 0.0659319446245088
0.6489999999999997 0.06504202919625435
0.6479999999999997 0.06415844696747808
0.6469999999999997 0.06328118969179164
0.6459999999999997 0.06241024919956917
0.6449999999999997 0.061545617397435914
0.6439999999999997 0.06068728626776354
0.6429999999999997 0.059835247868171404
0.6419999999999997 0.058989494331035064
0.6409999999999997 0.05815001786300111
0.6399999999999997 0.05731681074450745
0.6389999999999997 0.05648986532931077
0.6379999999999997 0.05566917404401972
0.6369999999999997 0.05485472938763336
0.6359999999999997 0.054046523931088
0.6349999999999997 0.05324455031680675
0.6339999999999997 0.05244880125825635
0.6329999999999997 0.05165926953951183
0.6319999999999997 0.050875948014822536
0.6309999999999997 0.050098829608187234
0.6299999999999997 0.049327907312933905
0.6289999999999997 0.04856317419130374
0.6279999999999997 0.04780462337404223
0.6269999999999997 0.04705224805999475
0.6259999999999997 0.04630604151570783
0.6249999999999997 0.045565997075034725
0.6239999999999997 0.04483210813874716
0.6229999999999997 0.04410436817415242
0.6219999999999997 0.04338277071471297
0.6209999999999997 0.04266730935967533
0.6199999999999997 0.04195797777370003
0.6189999999999997 0.041254769686498216
0.6179999999999997 0.04055767889247219
0.6169999999999997 0.039866699250362125
0.6159999999999997 0.03918182468289588
0.6149999999999997 0.03850304917644454
0.6139999999999997 0.03783036678068186
0.6129999999999997 0.037163771608248575
0.6119999999999997 0.0365032578344211
0.6109999999999997 0.035848819696785106
0.6099999999999997 0.035200451494912466
0.6089999999999997 0.03455814759004383
0.6079999999999997 0.03392190240477433
0.6069999999999997 0.033291710422744036
0.6059999999999997 0.03266756618833322
0.6049999999999996 0.032049464306360465
0.6039999999999996 0.031437399441785696
0.6029999999999996 0.030831366319418074
0.6019999999999996 0.03023135972362556
0.6009999999999996 0.02963737449805104
0.5999999999999996 0.029049405545331197
0.5989999999999996 0.028467447826818315
0.5979999999999996 0.02789149636230881
0.5969999999999996 0.02732154622977223
0.5959999999999996 0.02675759256508603
0.5949999999999996 0.026199630561774545
0.5939999999999996 0.025647655470749098
0.5929999999999996 0.02510166260005542
0.5919999999999996 0.024561647314621182
0.5909999999999996 0.024027605036009647
0.5899999999999996 0.023499531242175742
0.5889999999999996 0.022977421467225922
0.5879999999999996 0.02246127130118092
0.5869999999999996 0.02195107638974425
0.5859999999999996 0.02144683243407064
0.5849999999999996 0.020948535190540518
0.5839999999999996 0.0204561804705371
0.5829999999999996 0.019969764140226887
0.5819999999999996 0.019489282120343066
0.5809999999999996 0.019014730385972456
0.5799999999999996 0.018546104966346233
0.5789999999999996 0.018083401944633426
0.5779999999999996 0.017626617457737304
0.5769999999999996 0.01717574769609498
0.5759999999999996 0.01673078890348112
0.5749999999999996 0.016291737376813997
0.5739999999999996 0.015858589465964634
0.5729999999999996 0.015431341573568735
0.5719999999999996 0.01500999015484239
0.5709999999999996 0.014594531717401105
0.5699999999999996 0.01418496282108006
0.5689999999999996 0.01378128007775914
0.5679999999999996 0.013383480151190619
0.5669999999999996 0.012991559756828419
0.5659999999999996 0.012605515661662237
0.5649999999999996 0.012225344684052897
0.5639999999999996 0.011851043693572372
0.5629999999999996 0.011482609610843464
0.5619999999999996 0.011120039407387261
0.5609999999999996 0.010763330105467817
0.5599999999999996 0.010412478777944267
0.5589999999999996 0.01006748254812262
0.5579999999999996 0.009728338589612084
0.5569999999999996 0.009395044126183638
0.5559999999999996 0.00906759643162991
0.5549999999999996 0.008745992829630844
0.5539999999999996 0.008430230693619034
0.5529999999999996 0.008120307446648933
0.5519999999999996 0.00781622056126885
0.5509999999999996 0.007517967559395711
0.5499999999999996 0.007225546012191497
0.5489999999999996 0.006938953539943671
0.5479999999999996 0.00665818781194627
0.5469999999999996 0.006383246546385779
0.5459999999999996 0.006114127510227552
0.5449999999999996 0.005850828519106788
0.5439999999999996 0.00559334743721962
0.5429999999999996 0.005341682177218976
0.5419999999999996 0.005095830700111548
0.5409999999999996 0.004855791015157762
0.5399999999999996 0.004621561179774081
0.5389999999999996 0.004393139299437965
0.5379999999999996 0.004170523527595171
0.5369999999999996 0.003953712065568937
0.5359999999999996 0.0037427031624723828
0.5349999999999996 0.003537495115123357
0.5339999999999996 0.003338086267961282
0.5329999999999996 0.003144475012965664
0.5319999999999996 0.0029566597895790414
0.5309999999999996 0.0027746390846300484
0.5299999999999996 0.0025984114322603613
0.5289999999999996 0.0024279754138533116
0.5279999999999996 0.002263329657965385
0.5269999999999996 0.002104472840258831
0.5259999999999996 0.0019514036834386017
0.5249999999999996 0.0018041209571897365
0.5239999999999996 0.0016626234781178528
0.5229999999999996 0.0015269101096923032
0.5219999999999996 0.0013969797621904423
0.5209999999999996 0.001272831392646001
0.5199999999999996 0.001154464004798239
0.5189999999999996 0.0010418766490433162
0.5179999999999996 9.350684223893291E-4
0.5169999999999996 8.340384684125679E-4
0.5159999999999996 7.387859772157723E-4
0.5149999999999996 6.493101853897176E-4
0.5139999999999996 5.656103759756892E-4
0.5129999999999996 4.8768587843228683E-4
0.5119999999999996 4.1553606860134096E-4
0.5109999999999996 3.491603686797129E-4
0.5099999999999996 2.88558247189985E-4
0.5089999999999996 2.3372921895614684E-4
0.5079999999999996 1.8467284507905912E-4
0.5069999999999996 1.413887329169139E-4
0.5059999999999996 1.0387653606469538E-4
0.5049999999999996 7.21359543384148E-5
0.5039999999999996 4.61667337607885E-5
0.5029999999999996 2.5968666549247565E-5
0.5019999999999996 1.1541591104835547E-5
0.5009999999999996 2.885392005325116E-6
0.49999999999999956 0.0
0.49899999999999956 2.885392005380627E-6
0.49799999999999955 1.1541591104780036E-5
0.49699999999999955 2.5968666549358588E-5
0.49599999999999955 4.616673376101055E-5
0.49499999999999955 7.213595433847031E-5
0.49399999999999955 1.0387653606463987E-4
0.49299999999999955 1.4138873291685838E-4
0.49199999999999955 1.8467284507922566E-4
0.49099999999999955 2.3372921895620236E-4
0.48999999999999955 2.8855824719004053E-4
0.48899999999999955 3.491603686797684E-4
0.48799999999999955 4.155360686015075E-4
0.48699999999999954 4.8768587843234235E-4
0.48599999999999954 5.656103759758002E-4
0.48499999999999954 6.493101853896621E-4
0.48399999999999954 7.387859772158278E-4
0.48299999999999954 8.340384684126234E-4
0.48199999999999954 9.350684223894956E-4
0.48099999999999954 0.0010418766490433162
0.47999999999999954 0.0011544640047981836
0.47899999999999954 0.0012728313926461121
0.47799999999999954 0.0013969797621904978
0.47699999999999954 0.0015269101096923587
0.47599999999999953 0.0016626234781180749
0.47499999999999953 0.001804120957189903
0.47399999999999953 0.0019514036834388238
0.47299999999999953 0.002104472840259053
0.47199999999999953 0.0022633296579655515
0.47099999999999953 0.002427975413853478
0.46999999999999953 0.002598411432260528
0.46899999999999953 0.002774639084630215
0.4679999999999995 0.002956659789579208
0.4669999999999995 0.003144475012965886
0.4659999999999995 0.003338086267961393
0.4649999999999995 0.0035374951151235234
0.4639999999999995 0.003742703162472605
0.4629999999999995 0.003953712065569048
0.4619999999999995 0.004170523527595282
0.4609999999999995 0.004393139299438242
0.4599999999999995 0.004621561179774469
0.4589999999999995 0.004855791015157929
0.4579999999999995 0.00509583070011177
0.4569999999999995 0.005341682177219309
0.4559999999999995 0.005593347437219953
0.4549999999999995 0.005850828519107065
0.4539999999999995 0.006114127510227829
0.4529999999999995 0.006383246546386001
0.4519999999999995 0.006658187811946548
0.4509999999999995 0.006938953539943893
0.4499999999999995 0.00722554601219183
0.4489999999999995 0.007517967559395933
0.4479999999999995 0.00781622056126896
0.4469999999999995 0.0081203074466491
0.4459999999999995 0.008430230693619256
0.4449999999999995 0.008745992829631288
0.4439999999999995 0.009067596431630243
0.4429999999999995 0.009395044126183971
0.4419999999999995 0.009728338589612362
0.4409999999999995 0.010067482548122841
0.4399999999999995 0.0104124787779446
0.4389999999999995 0.010763330105468039
0.4379999999999995 0.011120039407387539
0.4369999999999995 0.011482609610843797
0.4359999999999995 0.01185104369357265
0.4349999999999995 0.012225344684053285
0.4339999999999995 0.012605515661662459
0.4329999999999995 0.012991559756828697
0.4319999999999995 0.013383480151190952
0.4309999999999995 0.013781280077759639
0.4299999999999995 0.014184962821080338
0.4289999999999995 0.014594531717401438
0.4279999999999995 0.015009990154842834
0.4269999999999995 0.015431341573569068
0.4259999999999995 0.015858589465964912
0.4249999999999995 0.016291737376814552
0.4239999999999995 0.016730788903481453
0.4229999999999995 0.01717574769609531
0.4219999999999995 0.017626617457737748
0.4209999999999995 0.018083401944633926
0.4199999999999995 0.018546104966346677
0.4189999999999995 0.019014730385972733
0.4179999999999995 0.0194892821203434
0.4169999999999995 0.019969764140227386
0.4159999999999995 0.020456180470537655
0.4149999999999995 0.020948535190540907
0.4139999999999995 0.021446832434071084
0.4129999999999995 0.021951076389744806
0.4119999999999995 0.02246127130118153
0.4109999999999995 0.02297742146722609
0.4099999999999995 0.023499531242176297
0.4089999999999995 0.024027605036010147
0.4079999999999995 0.024561647314621737
0.4069999999999995 0.025101662600055974
0.4059999999999995 0.025647655470749597
0.40499999999999947 0.02619963056177499
0.40399999999999947 0.02675759256508664
0.40299999999999947 0.02732154622977262
0.40199999999999947 0.02789149636230931
0.40099999999999947 0.028467447826818926
0.39999999999999947 0.02904940554533153
0.39899999999999947 0.02963737449805154
0.39799999999999947 0.030231359723626006
0.39699999999999946 0.03083136631941863
0.39599999999999946 0.03143739944178636
0.39499999999999946 0.03204946430636085
0.39399999999999946 0.032667566188333774
0.39299999999999946 0.03329171042274459
0.39199999999999946 0.03392190240477483
0.39099999999999946 0.03455814759004444
0.38999999999999946 0.03520045149491313
0.38899999999999946 0.035848819696785605
0.38799999999999946 0.036503257834421765
0.38699999999999946 0.03716377160824913
0.38599999999999945 0.03783036678068247
0.38499999999999945 0.03850304917644515
0.38399999999999945 0.03918182468289655
0.38299999999999945 0.039866699250362625
0.38199999999999945 0.040557678892472804
0.38099999999999945 0.04125476968649894
0.37999999999999945 0.04195797777370075
0.37899999999999945 0.04266730935967605
0.37799999999999945 0.043382770714713526
0.37699999999999945 0.044104368174152975
0.37599999999999945 0.04483210813874794
0.37499999999999944 0.04556599707503539
0.37399999999999944 0.04630604151570844
0.37299999999999944 0.047052248059995416
0.37199999999999944 0.04780462337404284
0.37099999999999944 0.04856317419130435
0.36999999999999944 0.04932790731293457
0.36899999999999944 0.0500988296081879
0.36799999999999944 0.05087594801482309
0.36699999999999944 0.05165926953951244
0.36599999999999944 0.05244880125825718
0.36499999999999944 0.05324455031680725
0.36399999999999944 0.054046523931088775
0.36299999999999943 0.05485472938763414
0.36199999999999943 0.05566917404402044
0.36099999999999943 0.056489865329311606
0.35999999999999943 0.05731681074450817
0.35899999999999943 0.058150017863001835
0.35799999999999943 0.05898949433103595
0.35699999999999943 0.05983524786817207
0.35599999999999943 0.06068728626776432
0.3549999999999994 0.06154561739743675
0.3539999999999994 0.062410249199570056
0.3529999999999994 0.06328118969179253
0.3519999999999994 0.06415844696747891
0.3509999999999994 0.06504202919625512
0.3499999999999994 0.06593194462450946
0.3489999999999994 0.0668282015759108
0.3479999999999994 0.06773080845193352
0.3469999999999994 0.06863977373238928
0.3459999999999994 0.06955510597596615
0.3449999999999994 0.07047681382077398
0.3439999999999994 0.07140490598489801
0.3429999999999994 0.07233939126695865
0.3419999999999994 0.07328027854667946
0.3409999999999994 0.07422757678546243
0.3399999999999994 0.07518129502697052
0.3389999999999994 0.07614144239771836
0.3379999999999994 0.07710802810766992
0.3369999999999994 0.07808106145084553
0.3359999999999994 0.07906055180593502
0.3349999999999994 0.0800465086369207
0.3339999999999994 0.08103894149370755
0.3329999999999994 0.08203786001276209
0.3319999999999994 0.08304327391775951
0.3309999999999994 0.0840551930202399
0.3299999999999994 0.08507362722027306
0.3289999999999994 0.08609858650713115
0.3279999999999994 0.08713008095997188
0.3269999999999994 0.08816812074852992
0.3259999999999994 0.08921271613381743
0.3249999999999994 0.09026387746883446
0.3239999999999994 0.0913216151992885
0.3229999999999994 0.09238593986432414
0.3219999999999994 0.0934568620972615
0.3209999999999994 0.09453439262634578
0.3199999999999994 0.09561854227550665
0.3189999999999994 0.09670932196512733
0.3179999999999994 0.09780674271282419
0.3169999999999994 0.09891081563423748
0.3159999999999994 0.10002155194383222
0.3149999999999994 0.1011389629557104
0.3139999999999994 0.1022630600844337
0.3129999999999994 0.10339385484585789
0.3119999999999994 0.10453135885797854
0.3109999999999994 0.10567558384178777
0.3099999999999994 0.10682654162214394
0.3089999999999994 0.10798424412865198
0.3079999999999994 0.10914870339655669
0.3069999999999994 0.1103199315676478
0.3059999999999994 0.11149794089117804
0.3049999999999994 0.11268274372479403
0.3039999999999994 0.11387435253547856
0.3029999999999994 0.11507277990050874
0.3019999999999994 0.11627803850842466
0.3009999999999994 0.11749014116001405
0.2999999999999994 0.11870910076930813
0.2989999999999994 0.11993493036459407
0.2979999999999994 0.1211676430894395
0.2969999999999994 0.12240725220373339
0.2959999999999994 0.12365377108474018
0.2949999999999994 0.12490721322816878
0.2939999999999994 0.1261675922492581
0.29299999999999937 0.1274349218838774
0.29199999999999937 0.1287092159896409
0.29099999999999937 0.12999048854704137
0.28999999999999937 0.13127875366059633
0.28899999999999937 0.13257402556001424
0.28799999999999937 0.13387631860137494
0.28699999999999937 0.13518564726832843
0.28599999999999937 0.1365020261733103
0.28499999999999936 0.13782547005877593
0.28399999999999936 0.13915599379845112
0.28299999999999936 0.14049361239860214
0.28199999999999936 0.1418383409993244
0.28099999999999936 0.1431901948758491
0.27999999999999936 0.14454918943987022
0.27899999999999936 0.14591534024089015
0.27799999999999936 0.14728866296758636
0.27699999999999936 0.1486691734491971
0.27599999999999936 0.15005688765692915
0.27499999999999936 0.15145182170538501
0.27399999999999936 0.15285399185401322
0.27299999999999935 0.1542634145085786
0.27199999999999935 0.15568010622265704
0.27099999999999935 0.1571040836991502
0.26999999999999935 0.1585353637918253
0.26899999999999935 0.15997396350687743
0.26799999999999935 0.161419900004516
0.26699999999999935 0.16287319060057487
0.26599999999999935 0.1643338527681485
0.26499999999999935 0.1658019041392519
0.26399999999999935 0.1672773625065071
0.26299999999999935 0.16876024582485577
0.26199999999999934 0.17025057221329815
0.26099999999999934 0.17174835995665927
0.25999999999999934 0.173253627507383
0.25899999999999934 0.1747663934873543
0.25799999999999934 0.17628667668974957
0.25699999999999934 0.1778144960809176
0.25599999999999934 0.17934987080228926
0.25499999999999934 0.180892820172318
0.25399999999999934 0.18244336368845143
0.25299999999999934 0.18400152102913453
0.25199999999999934 0.18556731205584515
0.25099999999999933 0.18714075681516223
0.24999999999999933 0.18872187554086817
0.24899999999999933 0.1903106886560843
0.24799999999999933 0.19190721677544242
0.24699999999999933 0.19351148070729135
0.24599999999999933 0.19512350145593987
0.24499999999999933 0.19674330022393688
0.24399999999999933 0.19837089841438926
0.24299999999999933 0.20000631763331767
0.24199999999999933 0.2016495796920535
0.24099999999999933 0.2033007066096738
0.23999999999999932 0.2049597206154788
0.23899999999999932 0.20662664415151122
0.23799999999999932 0.20830149987511604
0.23699999999999932 0.20998431066154838
0.23599999999999932 0.21167509960662062
0.23499999999999932 0.21337389002939983
0.23399999999999932 0.2150807054749479
0.23299999999999932 0.21679556971711145
0.23199999999999932 0.2185185067613587
0.23099999999999932 0.22024954084766807
0.22999999999999932 0.22198869645346353
0.22899999999999932 0.2237359982966058
0.22799999999999931 0.22549147133843345
0.2269999999999993 0.22725514078685893
0.2259999999999993 0.2290270320995202
0.2249999999999993 0.2308071709869875
0.2239999999999993 0.23259558341602848
0.2229999999999993 0.2343922956129328
0.2219999999999993 0.23619733406689503
0.2209999999999993 0.2380107255334608
0.2199999999999993 0.2398324970380356
0.2189999999999993 0.2416626758794571
0.2179999999999993 0.24350128963363366
0.2169999999999993 0.24534836615725109
0.2159999999999993 0.24720393359154663
0.2149999999999993 0.24906802036615483
0.2139999999999993 0.25094065520302444
0.2129999999999993 0.2528218671204096
0.2119999999999993 0.254711685436937
0.2109999999999993 0.25661013977574915
0.2099999999999993 0.25851726006872755
0.2089999999999993 0.260433076560797
0.2079999999999993 0.2623576198143124
0.2069999999999993 0.26429092071352966
0.2059999999999993 0.26623301046916564
0.2049999999999993 0.2681839206230464
0.2039999999999993 0.270143683052844
0.2029999999999993 0.2721123299769111
0.2019999999999993 0.27408989395920885
0.2009999999999993 0.27607640791433247
0.1999999999999993 0.27807190511263913
0.1989999999999993 0.2800764191854772
0.1979999999999993 0.2820899841305231
0.1969999999999993 0.28411263431722406
0.19599999999999929 0.2861444044923537
0.19499999999999929 0.28818532978568173
0.19399999999999928 0.2902354457157588
0.19299999999999928 0.29229478819582266
0.19199999999999928 0.29436339353982655
0.19099999999999928 0.29644129846859435
0.18999999999999928 0.29852854011610414
0.18899999999999928 0.30062515603590567
0.18799999999999928 0.3027311842076735
0.18699999999999928 0.30484666304390007
0.18599999999999928 0.3069716313967335
0.18499999999999928 0.3091061285649607
0.18399999999999928 0.3112501943011452
0.18299999999999927 0.3134038688189176
0.18199999999999927 0.3155671928004278
0.18099999999999927 0.31774020740396075
0.17999999999999927 0.3199229542717218
0.17899999999999927 0.32211547553779424
0.17799999999999927 0.32431781383627667
0.17699999999999927 0.326530012309603
0.17599999999999927 0.3287521146170509
0.17499999999999927 0.33098416494344407
0.17399999999999927 0.33322620800805525
0.17299999999999927 0.3354782890737121
0.17199999999999926 0.33774045395611674
0.17099999999999926 0.3400127490333802
0.16999999999999926 0.3422952212557822
0.16899999999999926 0.34458791815576
0.16799999999999926 0.34689088785813504
0.16699999999999926 0.34920417909058243
0.16599999999999926 0.35152784119435365
0.16499999999999926 0.3538619241352554
0.16399999999999926 0.35620647851489845
0.16299999999999926 0.35856155558221803
0.16199999999999926 0.3609272072452806
0.16099999999999925 0.3633034860833797
0.15999999999999925 0.3656904453594357
0.15899999999999925 0.36808813903270354
0.15799999999999925 0.37049662177180254
0.15699999999999925 0.37291594896807556
0.15599999999999925 0.37534617674928983
0.15499999999999925 0.37778736199368856
0.15399999999999925 0.3802395623444069
0.15299999999999925 0.3827028362242627
0.15199999999999925 0.38517724285093274
0.15099999999999925 0.38766284225253145
0.14999999999999925 0.3901596952836014
0.14899999999999924 0.39266786364153117
0.14799999999999924 0.39518740988341367
0.14699999999999924 0.397718397443362
0.14599999999999924 0.4002608906502962
0.14499999999999924 0.40281495474621787
0.14399999999999924 0.4053806559049896
0.14299999999999924 0.40795806125163697
0.14199999999999924 0.4105472388821899
0.14099999999999924 0.413148257884085
0.13999999999999924 0.41576118835714615
0.13899999999999924 0.4183861014351652
0.13799999999999923 0.42102306930810485
0.13699999999999923 0.42367216524494533
0.13599999999999923 0.42633346361719804
0.13499999999999923 0.4290070399231124
0.13399999999999923 0.43169297081260033
0.13299999999999923 0.43439133411290415
0.13199999999999923 0.43710220885503903
0.13099999999999923 0.4398256753010348
0.12999999999999923 0.44256181497201297
0.12899999999999923 0.44531071067712585
0.12799999999999923 0.4480724465433948
0.12699999999999922 0.4508471080464814
0.12599999999999922 0.4536347820424276
0.12499999999999922 0.45643555680040576
0.12399999999999922 0.4592495220365156
0.12299999999999922 0.46207676894867244
0.12199999999999922 0.4649173902526318
0.12099999999999922 0.46777148021919324
0.11999999999999922 0.47063913471263785
0.11899999999999922 0.47352045123044495
0.11799999999999922 0.4764155289443457
0.11699999999999922 0.479324468742769
0.11599999999999921 0.4822473732747391
0.11499999999999921 0.4851843469952869
0.11399999999999921 0.488135496212442
0.11299999999999921 0.4911009291358751
0.11199999999999921 0.4940807559272611
0.11099999999999921 0.49707508875244255
0.10999999999999921 0.5000840418354744
0.10899999999999921 0.5031077315146328
0.10799999999999921 0.5061462763004818
0.1069999999999992 0.5091997969360901
0.1059999999999992 0.5122684164595006
0.1049999999999992 0.5153522602685571
0.1039999999999992 0.5184514561882023
0.1029999999999992 0.5215661345403642
0.1019999999999992 0.524696428216558
0.1009999999999992 0.527842472753335
0.0999999999999992 0.5310044064107213
0.0989999999999992 0.5341823702537951
0.0979999999999992 0.5373765082375594
0.0969999999999992 0.5405869672952819
0.0959999999999992 0.5438138974304763
0.0949999999999992 0.5470574518127195
0.0939999999999992 0.5503177868775025
0.0929999999999992 0.5535950624303324
0.0919999999999992 0.5568894417553116
0.09099999999999919 0.5602010917284402
0.08999999999999919 0.5635301829358996
0.08899999999999919 0.5668768897975933
0.08799999999999919 0.5702413906962422
0.08699999999999919 0.5736238681123498
0.08599999999999919 0.5770245087653718
0.08499999999999919 0.5804435037614557
0.08399999999999919 0.5838810487481322
0.08299999999999919 0.5873373440763754
0.08199999999999918 0.5908125949704744
0.08099999999999918 0.594307011706193
0.07999999999999918 0.59782080979773
0.07899999999999918 0.601354210194027
0.07799999999999918 0.6049074394850209
0.07699999999999918 0.6084807301184728
0.07599999999999918 0.6120743206280655
0.07499999999999918 0.615688455873506
0.07399999999999918 0.619323387293437
0.07299999999999918 0.6229793731720242
0.07199999999999918 0.6266566789201494
0.07099999999999917 0.6303555773722329
0.06999999999999917 0.6340763490997798
0.06899999999999917 0.6378192827428467
0.06799999999999917 0.6415846753607284
0.06699999999999917 0.6453728328032777
0.06599999999999917 0.6491840701043982
0.06499999999999917 0.6530187118993898
0.06399999999999917 0.6568770928679828
0.06299999999999917 0.660759558205069
0.06199999999999917 0.6646664641213257
0.060999999999999166 0.6685981783761465
0.059999999999999165 0.6725550808455271
0.058999999999999164 0.676537564127818
0.05799999999999916 0.6805460341905573
0.05699999999999916 0.6845809110619226
0.05599999999999916 0.6886426295707204
0.05499999999999916 0.6927316401392438
0.05399999999999916 0.6968484096338116
0.05299999999999916 0.7009934222783266
0.05199999999999916 0.7051671806368028
0.05099999999999916 0.7093702066714956
0.049999999999999156 0.7136030428840475
0.048999999999999155 0.7178662535479575
0.047999999999999154 0.7221604260416943
0.046999999999999154 0.7264861722929402
0.04599999999999915 0.7308441303457973
0.04499999999999915 0.7352349660643231
0.04399999999999915 0.7396593749875534
0.04299999999999915 0.7441180843532335
0.04199999999999915 0.7486118553098854
0.04099999999999915 0.7531414853396456
0.03999999999999915 0.7577078109175892
0.038999999999999146 0.7623117104371188
0.037999999999999146 0.7669541074355535
0.036999999999999145 0.7716359741594395
0.035999999999999144 0.7763583355155232
0.03499999999999914 0.7811222734609932
0.03399999999999914 0.7859289318957855
0.03299999999999914 0.7907795221308516
0.03199999999999914 0.7956753290197247
0.03099999999999914 0.800617717857124
0.02999999999999914 0.8056081421684282
0.028999999999999138 0.8106481525386526
0.027999999999999137 0.8157394066603494
0.026999999999999136 0.8208836808183526
0.025999999999999135 0.8260828830777871
0.024999999999999134 0.8313390685033343
0.023999999999999133 0.8366544568166023
0.022999999999999132 0.8420314530003413
0.02199999999999913 0.8474726714912227
0.02099999999999913 0.8529809647782892
0.01999999999999913 0.8585594574581842
0.01899999999999913 0.8642115871144193
0.017999999999999128 0.8699411538209083
0.016999999999999127 0.8757523806719646
0.015999999999999126 0.8816499885917303
0.014999999999999125 0.8876392899006285
0.013999999999999124 0.8937263069153455
0.012999999999999123 0.8999179245622171
0.011999999999999122 0.906222090152234
0.010999999999999122 0.9126480800836895
0.00999999999999912 0.9192068641040947
0.00899999999999912 0.9259116163127095
0.007999999999999119 0.9327784552416993
0.006999999999999119 0.9398275579679977
0.005999999999999119 0.9470849196551588
0.004999999999999119 0.9545853076662126
0.003999999999999119 0.9623776396777286
0.002999999999999119 0.9705359481550851
0.001999999999999119 0.9791859286645068
9.999999999991188E-4 0.9885922422625477
